,Unnamed: 0,Date_reported,Country,New_cases,Cumulative_cases,New_deaths,Cumulative_deaths
1203,1203,2020-01-03,China,0,0,0,0
1204,1204,2020-01-04,China,1,1,0,0
1205,1205,2020-01-05,China,0,1,0,0
1206,1206,2020-01-06,China,3,4,0,0
1207,1207,2020-01-07,China,0,4,0,0
1208,1208,2020-01-08,China,0,4,0,0
1209,1209,2020-01-09,China,0,4,0,0
1210,1210,2020-01-10,China,0,4,0,0
1211,1211,2020-01-11,China,0,4,0,0
1212,1212,2020-01-12,China,41,45,1,1
1213,1213,2020-01-13,China,0,45,0,1
1214,1214,2020-01-14,China,0,45,0,1
1215,1215,2020-01-15,China,0,45,0,1
1216,1216,2020-01-16,China,0,45,0,1
1217,1217,2020-01-17,China,4,49,1,2
1218,1218,2020-01-18,China,0,49,0,2
1219,1219,2020-01-19,China,76,125,1,3
1220,1220,2020-01-20,China,77,202,1,4
1221,1221,2020-01-21,China,93,295,2,6
1222,1222,2020-01-22,China,147,442,11,17
1223,1223,2020-01-23,China,132,574,1,18
1224,1224,2020-01-24,China,261,835,8,26
1225,1225,2020-01-25,China,462,1297,16,42
1226,1226,2020-01-26,China,688,1985,14,56
1227,1227,2020-01-27,China,776,2761,26,82
1228,1228,2020-01-28,China,1772,4533,49,131
1229,1229,2020-01-29,China,1464,5997,2,133
1230,1230,2020-01-30,China,1739,7736,38,171
1231,1231,2020-01-31,China,1984,9720,42,213
1232,1232,2020-02-01,China,2101,11821,46,259
1233,1233,2020-02-02,China,2590,14411,102,361
1234,1234,2020-02-03,China,2827,17238,64,425
1235,1235,2020-02-04,China,3233,20471,66,491
1236,1236,2020-02-05,China,3892,24363,72,563
1237,1237,2020-02-06,China,3697,28060,70,633
1238,1238,2020-02-07,China,3151,31211,85,718
1239,1239,2020-02-08,China,3387,34598,87,805
1240,1240,2020-02-09,China,2653,37251,100,905
1241,1241,2020-02-10,China,2984,40235,107,1012
1242,1242,2020-02-11,China,2473,42708,100,1112
1243,1243,2020-02-12,China,2022,44730,5,1117
1244,1244,2020-02-13,China,15152,59882,252,1369
1245,1245,2020-02-14,China,4050,63932,152,1521
1246,1246,2020-02-15,China,2644,66576,142,1663
1247,1247,2020-02-16,China,2008,68584,104,1767
1248,1248,2020-02-17,China,2051,70635,98,1865
1249,1249,2020-02-18,China,1893,72528,139,2004
1250,1250,2020-02-19,China,1750,74278,113,2117
1251,1251,2020-02-20,China,397,74675,122,2239
1252,1252,2020-02-21,China,893,75568,0,2239
1253,1253,2020-02-22,China,825,76393,205,2444
1254,1254,2020-02-23,China,649,77042,2,2446
1255,1255,2020-02-24,China,220,77262,150,2596
1256,1256,2020-02-25,China,517,77779,70,2666
1257,1257,2020-02-26,China,411,78190,52,2718
1258,1258,2020-02-27,China,440,78630,29,2747
1259,1259,2020-02-28,China,329,78959,44,2791
1260,1260,2020-02-29,China,430,79389,47,2838
1261,1261,2020-03-01,China,579,79968,35,2873
1262,1262,2020-03-02,China,206,80174,42,2915
1263,1263,2020-03-03,China,128,80302,33,2948
1264,1264,2020-03-04,China,120,80422,36,2984
1265,1265,2020-03-05,China,143,80565,32,3016
1266,1266,2020-03-06,China,145,80710,29,3045
1267,1267,2020-03-07,China,103,80813,28,3073
1268,1268,2020-03-08,China,46,80859,28,3101
1269,1269,2020-03-09,China,45,80904,23,3124
1270,1270,2020-03-10,China,20,80924,16,3140
1271,1271,2020-03-11,China,31,80955,22,3162
1272,1272,2020-03-12,China,25,80980,11,3173
1273,1273,2020-03-13,China,11,80991,8,3181
1274,1274,2020-03-14,China,30,81021,13,3194
1275,1275,2020-03-15,China,27,81048,10,3204
1276,1276,2020-03-16,China,29,81077,14,3218
1277,1277,2020-03-17,China,40,81117,13,3231
1278,1278,2020-03-18,China,34,81151,11,3242
1279,1279,2020-03-19,China,86,81237,8,3250
1280,1280,2020-03-20,China,63,81300,5,3255
1281,1281,2020-03-21,China,116,81416,6,3261
1282,1282,2020-03-22,China,82,81498,6,3267
1283,1283,2020-03-23,China,103,81601,9,3276
1284,1284,2020-03-24,China,146,81747,7,3283
1285,1285,2020-03-25,China,101,81848,4,3287
1286,1286,2020-03-26,China,113,81961,6,3293
1287,1287,2020-03-27,China,117,82078,5,3298
1288,1288,2020-03-28,China,135,82213,3,3301
1289,1289,2020-03-29,China,128,82341,5,3306
1290,1290,2020-03-30,China,106,82447,4,3310
1291,1291,2020-03-31,China,98,82545,4,3314
1292,1292,2020-04-01,China,86,82631,7,3321
1293,1293,2020-04-02,China,93,82724,6,3327
1294,1294,2020-04-03,China,78,82802,4,3331
1295,1295,2020-04-04,China,73,82875,4,3335
1296,1296,2020-04-05,China,55,82930,3,3338
1297,1297,2020-04-06,China,75,83005,2,3340
1298,1298,2020-04-07,China,67,83072,0,3340
1299,1299,2020-04-08,China,85,83157,2,3342
1300,1300,2020-04-09,China,92,83249,2,3344
1301,1301,2020-04-10,China,56,83305,1,3345
1302,1302,2020-04-11,China,64,83369,4,3349
1303,1303,2020-04-12,China,113,83482,0,3349
1304,1304,2020-04-13,China,115,83597,2,3351
1305,1305,2020-04-14,China,99,83696,0,3351
1306,1306,2020-04-15,China,49,83745,1,3352
1307,1307,2020-04-16,China,52,83797,0,3352
1308,1308,2020-04-17,China,27,83824,0,3352
1309,1309,2020-04-18,China,356,84180,1290,4642
1310,1310,2020-04-19,China,21,84201,0,4642
1311,1311,2020-04-20,China,36,84237,0,4642
1312,1312,2020-04-21,China,13,84250,0,4642
1313,1313,2020-04-22,China,37,84287,0,4642
1314,1314,2020-04-23,China,15,84302,0,4642
1315,1315,2020-04-24,China,9,84311,0,4642
1316,1316,2020-04-25,China,13,84324,0,4642
1317,1317,2020-04-26,China,14,84338,0,4642
1318,1318,2020-04-27,China,3,84341,1,4643
1319,1319,2020-04-28,China,6,84347,0,4643
1320,1320,2020-04-29,China,22,84369,0,4643
1321,1321,2020-04-30,China,4,84373,0,4643
1322,1322,2020-05-01,China,12,84385,0,4643
1323,1323,2020-05-02,China,3,84388,0,4643
1324,1324,2020-05-03,China,5,84393,0,4643
1325,1325,2020-05-04,China,7,84400,0,4643
1326,1326,2020-05-05,China,4,84404,0,4643
1327,1327,2020-05-06,China,2,84406,0,4643
1328,1328,2020-05-07,China,3,84409,0,4643
1329,1329,2020-05-08,China,6,84415,0,4643
1330,1330,2020-05-09,China,1,84416,0,4643
1331,1331,2020-05-10,China,14,84430,0,4643
1332,1332,2020-05-11,China,20,84450,0,4643
1333,1333,2020-05-12,China,1,84451,1,4644
1334,1334,2020-05-13,China,7,84458,0,4644
1335,1335,2020-05-14,China,6,84464,0,4644
1336,1336,2020-05-15,China,5,84469,0,4644
1337,1337,2020-05-16,China,9,84478,0,4644
1338,1338,2020-05-17,China,6,84484,1,4645
1339,1339,2020-05-18,China,10,84494,0,4645
1340,1340,2020-05-19,China,6,84500,0,4645
1341,1341,2020-05-20,China,5,84505,0,4645
1342,1342,2020-05-21,China,2,84507,0,4645
1343,1343,2020-05-22,China,13,84520,0,4645
1344,1344,2020-05-23,China,2,84522,0,4645
1345,1345,2020-05-24,China,3,84525,0,4645
1346,1346,2020-05-25,China,11,84536,0,4645
1347,1347,2020-05-26,China,7,84543,0,4645
1348,1348,2020-05-27,China,1,84544,0,4645
1349,1349,2020-05-28,China,3,84547,0,4645
1350,1350,2020-05-29,China,0,84547,0,4645
1351,1351,2020-05-30,China,18,84565,0,4645
1352,1352,2020-05-31,China,5,84570,0,4645
1353,1353,2020-06-01,China,18,84588,0,4645
1354,1354,2020-06-02,China,9,84597,0,4645
1355,1355,2020-06-03,China,5,84602,0,4645
1356,1356,2020-06-04,China,1,84603,0,4645
1357,1357,2020-06-05,China,11,84614,0,4645
1358,1358,2020-06-06,China,6,84620,0,4645
1359,1359,2020-06-07,China,9,84629,0,4645
1360,1360,2020-06-08,China,5,84634,0,4645
1361,1361,2020-06-09,China,4,84638,0,4645
1362,1362,2020-06-10,China,3,84641,0,4645
1363,1363,2020-06-11,China,11,84652,0,4645
1364,1364,2020-06-12,China,7,84659,0,4645
1365,1365,2020-06-13,China,12,84671,0,4645
1366,1366,2020-06-14,China,58,84729,0,4645
1367,1367,2020-06-15,China,49,84778,0,4645
1368,1368,2020-06-16,China,45,84823,0,4645
1369,1369,2020-06-17,China,44,84867,0,4645
1370,1370,2020-06-18,China,36,84903,0,4645
1371,1371,2020-06-19,China,37,84940,0,4645
1372,1372,2020-06-20,China,30,84970,0,4645
1373,1373,2020-06-21,China,27,84997,1,4646
1374,1374,2020-06-22,China,21,85018,0,4646
1375,1375,2020-06-23,China,52,85070,0,4646
1376,1376,2020-06-24,China,28,85098,1,4647
1377,1377,2020-06-25,China,21,85119,0,4647
1378,1378,2020-06-26,China,29,85148,1,4648
1379,1379,2020-06-27,China,24,85172,0,4648
1380,1380,2020-06-28,China,18,85190,0,4648
1381,1381,2020-06-29,China,14,85204,0,4648
1382,1382,2020-06-30,China,23,85227,0,4648
1383,1383,2020-07-01,China,5,85232,0,4648
1384,1384,2020-07-02,China,31,85263,0,4648
1385,1385,2020-07-03,China,15,85278,0,4648
1386,1386,2020-07-04,China,9,85287,0,4648
1387,1387,2020-07-05,China,19,85306,0,4648
1388,1388,2020-07-06,China,14,85320,0,4648
1389,1389,2020-07-07,China,25,85345,0,4648
1390,1390,2020-07-08,China,21,85366,0,4648
1391,1391,2020-07-09,China,33,85399,0,4648
1392,1392,2020-07-10,China,46,85445,0,4648
1393,1393,2020-07-11,China,42,85487,0,4648
1394,1394,2020-07-12,China,35,85522,0,4648
1395,1395,2020-07-13,China,46,85568,0,4648
1396,1396,2020-07-14,China,55,85623,1,4649
1397,1397,2020-07-15,China,54,85677,0,4649
1398,1398,2020-07-16,China,20,85697,2,4651
1399,1399,2020-07-17,China,78,85775,0,4651
1400,1400,2020-07-18,China,82,85857,1,4652
1401,1401,2020-07-19,China,80,85937,1,4653
1402,1402,2020-07-20,China,131,86068,0,4653
1403,1403,2020-07-21,China,84,86152,0,4653
1404,1404,2020-07-22,China,74,86226,2,4655
1405,1405,2020-07-23,China,135,86361,0,4655
1406,1406,2020-07-24,China,139,86500,1,4656
1407,1407,2020-07-25,China,160,86660,1,4657
1408,1408,2020-07-26,China,179,86839,2,4659
1409,1409,2020-07-27,China,189,87028,0,4659
1410,1410,2020-07-28,China,217,87245,4,4663
1411,1411,2020-07-29,China,212,87457,1,4664
1412,1412,2020-07-30,China,223,87680,1,4665
1413,1413,2020-07-31,China,276,87956,1,4666
1414,1414,2020-08-01,China,166,88122,2,4668
1415,1415,2020-08-02,China,180,88302,6,4674
1416,1416,2020-08-03,China,158,88460,3,4677
1417,1417,2020-08-04,China,114,88574,1,4678
1418,1418,2020-08-05,China,108,88682,5,4683
1419,1419,2020-08-06,China,122,88804,1,4684
1420,1420,2020-08-07,China,133,88937,3,4687
1421,1421,2020-08-08,China,120,89057,1,4688
1422,1422,2020-08-09,China,92,89149,0,4688
1423,1423,2020-08-10,China,121,89270,5,4693
1424,1424,2020-08-11,China,113,89383,3,4696
1425,1425,2020-08-12,China,61,89444,3,4699
1426,1426,2020-08-13,China,82,89526,5,4704
1427,1427,2020-08-14,China,99,89625,3,4707
1428,1428,2020-08-15,China,70,89695,1,4708
1429,1429,2020-08-16,China,66,89761,2,4710
1430,1430,2020-08-17,China,98,89859,0,4710
1431,1431,2020-08-18,China,67,89926,0,4710
1432,1432,2020-08-19,China,54,89980,2,4712
1433,1433,2020-08-20,China,33,90013,1,4713
1434,1434,2020-08-21,China,40,90053,3,4716
1435,1435,2020-08-22,China,50,90103,0,4716
1436,1436,2020-08-23,China,38,90141,1,4717
1437,1437,2020-08-24,China,41,90182,1,4718
1438,1438,2020-08-25,China,23,90205,0,4718
1439,1439,2020-08-26,China,34,90239,1,4719
1440,1440,2020-08-27,China,32,90271,1,4720
1441,1441,2020-08-28,China,30,90301,2,4722
1442,1442,2020-08-29,China,22,90323,3,4725
1443,1443,2020-08-30,China,28,90351,3,4728
1444,1444,2020-08-31,China,32,90383,1,4729
1445,1445,2020-09-01,China,19,90402,1,4730
1446,1446,2020-09-02,China,20,90422,1,4731
1447,1447,2020-09-03,China,20,90442,3,4734
1448,1448,2020-09-04,China,33,90475,1,4735
1449,1449,2020-09-05,China,23,90498,0,4735
1450,1450,2020-09-06,China,19,90517,0,4735
1451,1451,2020-09-07,China,34,90551,2,4737
1452,1452,2020-09-08,China,22,90573,2,4739
1453,1453,2020-09-09,China,9,90582,1,4740
1454,1454,2020-09-10,China,13,90595,0,4740
1455,1455,2020-09-11,China,28,90623,0,4740
1456,1456,2020-09-12,China,20,90643,0,4740
1457,1457,2020-09-13,China,23,90666,1,4741
1458,1458,2020-09-14,China,29,90695,0,4741
1459,1459,2020-09-15,China,23,90718,1,4742
1460,1460,2020-09-16,China,16,90734,1,4743
1461,1461,2020-09-17,China,19,90753,0,4743
1462,1462,2020-09-18,China,44,90797,0,4743
1463,1463,2020-09-19,China,17,90814,1,4744
1464,1464,2020-09-20,China,26,90840,0,4744
1465,1465,2020-09-21,China,36,90876,0,4744
1466,1466,2020-09-22,China,14,90890,0,4744
1467,1467,2020-09-23,China,18,90908,0,4744
1468,1468,2020-09-24,China,10,90918,1,4745
1469,1469,2020-09-25,China,15,90933,0,4745
1470,1470,2020-09-26,China,18,90951,1,4746
1471,1471,2020-09-27,China,15,90966,0,4746
1472,1472,2020-09-28,China,27,90993,0,4746
1473,1473,2020-09-29,China,25,91018,0,4746
1474,1474,2020-09-30,China,23,91041,0,4746
1475,1475,2020-10-01,China,20,91061,0,4746
1476,1476,2020-10-02,China,21,91082,0,4746
1477,1477,2020-10-03,China,19,91101,0,4746
1478,1478,2020-10-04,China,20,91121,0,4746
1479,1479,2020-10-05,China,25,91146,0,4746
1480,1480,2020-10-06,China,24,91170,0,4746
1481,1481,2020-10-07,China,18,91188,0,4746
1482,1482,2020-10-08,China,24,91212,0,4746
1483,1483,2020-10-09,China,40,91252,0,4746
1484,1484,2020-10-10,China,26,91278,0,4746
1485,1485,2020-10-11,China,27,91305,0,4746
1486,1486,2020-10-12,China,28,91333,0,4746
1487,1487,2020-10-13,China,26,91359,0,4746
1488,1488,2020-10-14,China,28,91387,0,4746
1489,1489,2020-10-15,China,11,91398,0,4746
1490,1490,2020-10-16,China,37,91435,0,4746
1491,1491,2020-10-17,China,24,91459,0,4746
1492,1492,2020-10-18,China,30,91489,0,4746
1493,1493,2020-10-19,China,17,91506,0,4746
1494,1494,2020-10-20,China,39,91545,0,4746
1495,1495,2020-10-21,China,19,91564,0,4746
1496,1496,2020-10-22,China,23,91587,0,4746
1497,1497,2020-10-23,China,33,91620,0,4746
1498,1498,2020-10-24,China,32,91652,0,4746
1499,1499,2020-10-25,China,22,91674,0,4746
1500,1500,2020-10-26,China,26,91700,0,4746
1501,1501,2020-10-27,China,24,91724,0,4746
1502,1502,2020-10-28,China,47,91771,0,4746
1503,1503,2020-10-29,China,50,91821,0,4746
1504,1504,2020-10-30,China,31,91852,0,4746
1505,1505,2020-10-31,China,41,91893,0,4746
1506,1506,2020-11-01,China,28,91921,0,4746
1507,1507,2020-11-02,China,34,91955,0,4746
1508,1508,2020-11-03,China,60,92015,0,4746
1509,1509,2020-11-04,China,30,92045,0,4746
1510,1510,2020-11-05,China,32,92077,1,4747
1511,1511,2020-11-06,China,44,92121,1,4748
1512,1512,2020-11-07,China,43,92164,0,4748
1513,1513,2020-11-08,China,31,92195,0,4748
1514,1514,2020-11-09,China,47,92242,0,4748
1515,1515,2020-11-10,China,29,92271,0,4748
1516,1516,2020-11-11,China,28,92299,1,4749
1517,1517,2020-11-12,China,37,92336,0,4749
1518,1518,2020-11-13,China,36,92372,0,4749
1519,1519,2020-11-14,China,32,92404,0,4749
1520,1520,2020-11-15,China,24,92428,0,4749
1521,1521,2020-11-16,China,24,92452,0,4749
1522,1522,2020-11-17,China,24,92476,0,4749
1523,1523,2020-11-18,China,14,92490,0,4749
1524,1524,2020-11-19,China,23,92513,0,4749
1525,1525,2020-11-20,China,31,92544,0,4749
1526,1526,2020-11-21,China,44,92588,0,4749
1527,1527,2020-11-22,China,60,92648,0,4749
1528,1528,2020-11-23,China,85,92733,0,4749
1529,1529,2020-11-24,China,96,92829,0,4749
1530,1530,2020-11-25,China,85,92914,0,4749
1531,1531,2020-11-26,China,111,93025,0,4749
1532,1532,2020-11-27,China,88,93113,0,4749
1533,1533,2020-11-28,China,112,93225,0,4749
1534,1534,2020-11-29,China,104,93329,1,4750
1535,1535,2020-11-30,China,136,93465,0,4750
1536,1536,2020-12-01,China,112,93577,0,4750
1537,1537,2020-12-02,China,91,93668,0,4750
1538,1538,2020-12-03,China,129,93797,1,4751
1539,1539,2020-12-04,China,108,93905,1,4752
1540,1540,2020-12-05,China,133,94038,1,4753
1541,1541,2020-12-06,China,122,94160,0,4753
1542,1542,2020-12-07,China,133,94293,0,4753
1543,1543,2020-12-08,China,90,94383,0,4753
1544,1544,2020-12-09,China,117,94500,0,4753
1545,1545,2020-12-10,China,118,94618,2,4755
1546,1546,2020-12-11,China,131,94749,0,4755
1547,1547,2020-12-12,China,100,94849,0,4755
1548,1548,2020-12-13,China,101,94950,1,4756
1549,1549,2020-12-14,China,114,95064,2,4758
1550,1550,2020-12-15,China,103,95167,3,4761
1551,1551,2020-12-16,China,112,95279,3,4764
1552,1552,2020-12-17,China,96,95375,0,4764
1553,1553,2020-12-18,China,116,95491,2,4766
1554,1554,2020-12-19,China,89,95580,4,4770
1555,1555,2020-12-20,China,136,95716,0,4770
1556,1556,2020-12-21,China,100,95816,1,4771
1557,1557,2020-12-22,China,100,95916,1,4772
1558,1558,2020-12-23,China,82,95998,1,4773
1559,1559,2020-12-24,China,76,96074,1,4774
1560,1560,2020-12-25,China,85,96159,2,4776
1561,1561,2020-12-26,China,81,96240,1,4777
1562,1562,2020-12-27,China,84,96324,0,4777
1563,1563,2020-12-28,China,93,96417,1,4778
1564,1564,2020-12-29,China,96,96513,4,4782
1565,1565,2020-12-30,China,79,96592,2,4784
1566,1566,2020-12-31,China,81,96673,4,4788
1567,1567,2021-01-01,China,89,96762,1,4789
1568,1568,2021-01-02,China,67,96829,1,4790
1569,1569,2021-01-03,China,65,96894,1,4791
1570,1570,2021-01-04,China,78,96972,0,4791
1571,1571,2021-01-05,China,89,97061,3,4794
1572,1572,2021-01-06,China,66,97127,0,4794
1573,1573,2021-01-07,China,90,97217,1,4795
1574,1574,2021-01-08,China,89,97306,0,4795
1575,1575,2021-01-09,China,81,97387,1,4796
1576,1576,2021-01-10,China,131,97518,2,4798
1577,1577,2021-01-11,China,134,97652,1,4799
1578,1578,2021-01-12,China,102,97754,1,4800
1579,1579,2021-01-13,China,179,97933,1,4801
1580,1580,2021-01-14,China,184,98117,2,4803
1581,1581,2021-01-15,China,173,98290,0,4803
1582,1582,2021-01-16,China,169,98459,0,4803
1583,1583,2021-01-17,China,166,98625,1,4804
1584,1584,2021-01-18,China,169,98794,0,4804
1585,1585,2021-01-19,China,232,99026,1,4805
1586,1586,2021-01-20,China,165,99191,2,4807
1587,1587,2021-01-21,China,223,99414,1,4808
1588,1588,2021-01-22,China,175,99589,1,4809
1589,1589,2021-01-23,China,178,99767,1,4810
1590,1590,2021-01-24,China,164,99931,0,4810
1591,1591,2021-01-25,China,205,100136,1,4811
1592,1592,2021-01-26,China,155,100291,3,4814
1593,1593,2021-01-27,China,140,100431,2,4816
1594,1594,2021-01-28,China,117,100548,2,4818
1595,1595,2021-01-29,China,93,100641,2,4820
1596,1596,2021-01-30,China,106,100747,1,4821
1597,1597,2021-01-31,China,130,100877,2,4823
1598,1598,2021-02-01,China,97,100974,2,4825
1599,1599,2021-02-02,China,65,101039,1,4826
1600,1600,2021-02-03,China,53,101092,2,4828
1601,1601,2021-02-04,China,51,101143,1,4829
1602,1602,2021-02-05,China,44,101187,2,4831
1603,1603,2021-02-06,China,54,101241,0,4831
1604,1604,2021-02-07,China,31,101272,0,4831
1605,1605,2021-02-08,China,44,101316,0,4831
1606,1606,2021-02-09,China,47,101363,0,4831
1607,1607,2021-02-10,China,45,101408,2,4833
1608,1608,2021-02-11,China,21,101429,1,4834
1609,1609,2021-02-12,China,34,101463,2,4836
1610,1610,2021-02-13,China,33,101496,1,4837
1611,1611,2021-02-14,China,19,101515,1,4838
1612,1612,2021-02-15,China,21,101536,0,4838
1613,1613,2021-02-16,China,25,101561,0,4838
1614,1614,2021-02-17,China,15,101576,2,4840
1615,1615,2021-02-18,China,28,101604,2,4842
1616,1616,2021-02-19,China,20,101624,0,4842
1617,1617,2021-02-20,China,22,101646,0,4842
1618,1618,2021-02-21,China,23,101669,0,4842
1619,1619,2021-02-22,China,31,101700,0,4842
1620,1620,2021-02-23,China,26,101726,0,4842
1621,1621,2021-02-24,China,24,101750,0,4842
1622,1622,2021-02-25,China,28,101778,1,4843
1623,1623,2021-02-26,China,24,101802,0,4843
1624,1624,2021-02-27,China,34,101836,0,4843
1625,1625,2021-02-28,China,42,101878,0,4843
1626,1626,2021-03-01,China,42,101920,1,4844
1627,1627,2021-03-02,China,25,101945,1,4845
1628,1628,2021-03-03,China,23,101968,0,4845
1629,1629,2021-03-04,China,27,101995,0,4845
1630,1630,2021-03-05,China,20,102015,1,4846
1631,1631,2021-03-06,China,21,102036,0,4846
1632,1632,2021-03-07,China,28,102064,2,4848
1633,1633,2021-03-08,China,37,102101,0,4848
1634,1634,2021-03-09,China,24,102125,0,4848
1635,1635,2021-03-10,China,27,102152,0,4848
1636,1636,2021-03-11,China,20,102172,1,4849
1637,1637,2021-03-12,China,31,102203,0,4849
1638,1638,2021-03-13,China,73,102276,0,4849
1639,1639,2021-03-14,China,57,102333,0,4849
1640,1640,2021-03-15,China,30,102363,0,4849
1641,1641,2021-03-16,China,48,102411,0,4849
1642,1642,2021-03-17,China,22,102433,0,4849
1643,1643,2021-03-18,China,17,102450,0,4849
1644,1644,2021-03-19,China,29,102479,0,4849
1645,1645,2021-03-20,China,23,102502,0,4849
1646,1646,2021-03-21,China,21,102523,0,4849
1647,1647,2021-03-22,China,16,102539,0,4849
1648,1648,2021-03-23,China,27,102566,0,4849
1649,1649,2021-03-24,China,23,102589,1,4850
1650,1650,2021-03-25,China,23,102612,0,4850
1651,1651,2021-03-26,China,23,102635,0,4850
1652,1652,2021-03-27,China,24,102659,1,4851
1653,1653,2021-03-28,China,21,102680,0,4851
1654,1654,2021-03-29,China,18,102698,0,4851
1655,1655,2021-03-30,China,17,102715,0,4851
1656,1656,2021-03-31,China,19,102734,0,4851
1657,1657,2021-04-01,China,28,102762,0,4851
1658,1658,2021-04-02,China,28,102790,0,4851
1659,1659,2021-04-03,China,48,102838,0,4851
1660,1660,2021-04-04,China,29,102867,0,4851
1661,1661,2021-04-05,China,41,102908,0,4851
1662,1662,2021-04-06,China,41,102949,0,4851
1663,1663,2021-04-07,China,21,102970,0,4851
1664,1664,2021-04-08,China,33,103003,0,4851
1665,1665,2021-04-09,China,31,103034,0,4851
1666,1666,2021-04-10,China,32,103066,2,4853
1667,1667,2021-04-11,China,17,103083,0,4853
1668,1668,2021-04-12,China,30,103113,1,4854
1669,1669,2021-04-13,China,23,103136,0,4854
1670,1670,2021-04-14,China,29,103165,1,4855
1671,1671,2021-04-15,China,20,103185,1,4856
1672,1672,2021-04-16,China,18,103203,0,4856
1673,1673,2021-04-17,China,34,103237,0,4856
1674,1674,2021-04-18,China,36,103273,0,4856
1675,1675,2021-04-19,China,42,103315,0,4856
1676,1676,2021-04-20,China,25,103340,0,4856
1677,1677,2021-04-21,China,31,103371,0,4856
1678,1678,2021-04-22,China,11,103382,0,4856
1679,1679,2021-04-23,China,37,103419,0,4856
1680,1680,2021-04-24,China,22,103441,0,4856
1681,1681,2021-04-25,China,23,103464,0,4856
1682,1682,2021-04-26,China,20,103484,1,4857
1683,1683,2021-04-27,China,19,103503,0,4857
1684,1684,2021-04-28,China,26,103529,0,4857
1685,1685,2021-04-29,China,33,103562,0,4857
1686,1686,2021-04-30,China,33,103595,0,4857
1687,1687,2021-05-01,China,27,103622,0,4857
1688,1688,2021-05-02,China,27,103649,1,4858
1689,1689,2021-05-03,China,18,103667,0,4858
1690,1690,2021-05-04,China,27,103694,0,4858
1691,1691,2021-05-05,China,19,103713,0,4858
1692,1692,2021-05-06,China,18,103731,0,4858
1693,1693,2021-05-07,China,28,103759,0,4858
1694,1694,2021-05-08,China,14,103773,0,4858
1695,1695,2021-05-09,China,22,103795,0,4858
1696,1696,2021-05-10,China,13,103808,0,4858
1697,1697,2021-05-11,China,33,103841,0,4858
1698,1698,2021-05-12,China,28,103869,0,4858
1699,1699,2021-05-13,China,32,103901,0,4858
1700,1700,2021-05-14,China,84,103985,0,4858
1701,1701,2021-05-15,China,206,104191,0,4858
1702,1702,2021-05-16,China,234,104425,0,4858
1703,1703,2021-05-17,China,357,104782,0,4858
1704,1704,2021-05-18,China,258,105040,0,4858
1705,1705,2021-05-19,China,286,105326,2,4860
1706,1706,2021-05-20,China,319,105645,0,4860
1707,1707,2021-05-21,China,326,105971,1,4861
1708,1708,2021-05-22,China,742,106713,0,4861
1709,1709,2021-05-23,China,474,107187,2,4863
1710,1710,2021-05-24,China,611,107798,6,4869
1711,1711,2021-05-25,China,558,108356,6,4875
1712,1712,2021-05-26,China,654,109010,6,4881
1713,1713,2021-05-27,China,678,109688,11,4892
1714,1714,2021-05-28,China,572,110260,13,4905
1715,1715,2021-05-29,China,504,110764,19,4924
1716,1716,2021-05-30,China,382,111146,21,4945
1717,1717,2021-05-31,China,377,111523,10,4955
1718,1718,2021-06-01,China,361,111884,15,4970
1719,1719,2021-06-02,China,573,112457,13,4983
1720,1720,2021-06-03,China,609,113066,12,4995
1721,1721,2021-06-04,China,498,113564,17,5012
1722,1722,2021-06-05,China,541,114105,21,5033
1723,1723,2021-06-06,China,562,114667,37,5070
1724,1724,2021-06-07,China,24,114691,36,5106
1725,1725,2021-06-08,China,237,114928,26,5132
1726,1726,2021-06-09,China,289,115217,22,5154
1727,1727,2021-06-10,China,281,115498,25,5179
1728,1728,2021-06-11,China,317,115815,28,5207
1729,1729,2021-06-12,China,288,116103,24,5231
1730,1730,2021-06-13,China,198,116301,26,5257
1731,1731,2021-06-14,China,206,116507,26,5283
1732,1732,2021-06-15,China,156,116663,15,5298
1733,1733,2021-06-16,China,190,116853,8,5306
1734,1734,2021-06-17,China,197,117050,18,5324
1735,1735,2021-06-18,China,219,117269,19,5343
1736,1736,2021-06-19,China,152,117421,21,5364
1737,1737,2021-06-20,China,127,117548,20,5384
1738,1738,2021-06-21,China,101,117649,11,5395
1739,1739,2021-06-22,China,109,117758,20,5415
1740,1740,2021-06-23,China,121,117879,6,5421
1741,1741,2021-06-24,China,161,118040,24,5445
1742,1742,2021-06-25,China,105,118145,6,5451
1743,1743,2021-06-26,China,96,118241,5,5456
1744,1744,2021-06-27,China,117,118358,13,5469
1745,1745,2021-06-28,China,81,118439,9,5478
1746,1746,2021-06-29,China,64,118503,3,5481
1747,1747,2021-06-30,China,69,118572,9,5490
1748,1748,2021-07-01,China,72,118644,5,5495
1749,1749,2021-07-02,China,92,118736,13,5508
1750,1750,2021-07-03,China,96,118832,15,5523
1751,1751,2021-07-04,China,64,118896,10,5533
1752,1752,2021-07-05,China,53,118949,2,5535
1753,1753,2021-07-06,China,87,119036,2,5537
1754,1754,2021-07-07,China,58,119094,17,5554
1755,1755,2021-07-08,China,47,119141,9,5563
1756,1756,2021-07-09,China,63,119204,3,5566
1757,1757,2021-07-10,China,58,119262,12,5578
1758,1758,2021-07-11,China,59,119321,6,5584
1759,1759,2021-07-12,China,53,119374,4,5588
1760,1760,2021-07-13,China,53,119427,1,5589
1761,1761,2021-07-14,China,58,119485,6,5595
1762,1762,2021-07-15,China,54,119539,6,5601
1763,1763,2021-07-16,China,63,119602,6,5607
1764,1764,2021-07-17,China,45,119647,4,5611
1765,1765,2021-07-18,China,51,119698,1,5612
1766,1766,2021-07-19,China,86,119784,4,5616
1767,1767,2021-07-20,China,53,119837,1,5617
1768,1768,2021-07-21,China,81,119918,4,5621
1769,1769,2021-07-22,China,82,120000,5,5626
1770,1770,2021-07-23,China,61,120061,4,5630
1771,1771,2021-07-24,China,59,120120,2,5632
1772,1772,2021-07-25,China,93,120213,2,5634
1773,1773,2021-07-26,China,82,120295,0,5634
1774,1774,2021-07-27,China,104,120399,0,5634
1775,1775,2021-07-28,China,70,120469,1,5635
1776,1776,2021-07-29,China,84,120553,0,5635
1777,1777,2021-07-30,China,82,120635,0,5635
1778,1778,2021-07-31,China,87,120722,0,5635
1779,1779,2021-08-01,China,115,120837,0,5635
1780,1780,2021-08-02,China,107,120944,2,5637
1781,1781,2021-08-03,China,123,121067,0,5637
1782,1782,2021-08-04,China,108,121175,2,5639
1783,1783,2021-08-05,China,141,121316,0,5639
1784,1784,2021-08-06,China,121,121437,0,5639
1785,1785,2021-08-07,China,113,121550,3,5642
1786,1786,2021-08-08,China,134,121684,12,5654
1787,1787,2021-08-09,China,153,121837,3,5657
1788,1788,2021-08-10,China,123,121960,4,5661
1789,1789,2021-08-11,China,98,122058,1,5662
1790,1790,2021-08-12,China,110,122168,2,5664
1791,1791,2021-08-13,China,87,122255,1,5665
1792,1792,2021-08-14,China,62,122317,2,5667
1793,1793,2021-08-15,China,61,122378,2,5669
1794,1794,2021-08-16,China,55,122433,0,5669
1795,1795,2021-08-17,China,49,122482,0,5669
1796,1796,2021-08-18,China,60,122542,0,5669
1797,1797,2021-08-19,China,44,122586,0,5669
1798,1798,2021-08-20,China,31,122617,5,5674
1799,1799,2021-08-21,China,45,122662,1,5675
1800,1800,2021-08-22,China,36,122698,1,5676
1801,1801,2021-08-23,China,46,122744,0,5676
1802,1802,2021-08-24,China,33,122777,0,5676
1803,1803,2021-08-25,China,32,122809,1,5677
1804,1804,2021-08-26,China,43,122852,1,5678
1805,1805,2021-08-27,China,45,122897,2,5680
1806,1806,2021-08-28,China,45,122942,1,5681
1807,1807,2021-08-29,China,53,122995,0,5681
1808,1808,2021-08-30,China,48,123043,1,5682
1809,1809,2021-08-31,China,25,123068,0,5682
1810,1810,2021-09-01,China,35,123103,1,5683
1811,1811,2021-09-02,China,28,123131,1,5684
1812,1812,2021-09-03,China,38,123169,1,5685
1813,1813,2021-09-04,China,30,123199,0,5685
1814,1814,2021-09-05,China,32,123231,0,5685
1815,1815,2021-09-06,China,54,123285,0,5685
1816,1816,2021-09-07,China,37,123322,0,5685
1817,1817,2021-09-08,China,39,123361,0,5685
1818,1818,2021-09-09,China,25,123386,0,5685
1819,1819,2021-09-10,China,37,123423,1,5686
1820,1820,2021-09-11,China,55,123478,1,5687
1821,1821,2021-09-12,China,66,123544,0,5687
1822,1822,2021-09-13,China,98,123642,0,5687
1823,1823,2021-09-14,China,80,123722,1,5688
1824,1824,2021-09-15,China,86,123808,0,5688
1825,1825,2021-09-16,China,96,123904,0,5688
1826,1826,2021-09-17,China,57,123961,0,5688
1827,1827,2021-09-18,China,77,124038,0,5688
1828,1828,2021-09-19,China,64,124102,0,5688
1829,1829,2021-09-20,China,83,124185,1,5689
1830,1830,2021-09-21,China,47,124232,0,5689
1831,1831,2021-09-22,China,51,124283,0,5689
1832,1832,2021-09-23,China,65,124348,1,5690
1833,1833,2021-09-24,China,53,124401,0,5690
1834,1834,2021-09-25,China,43,124444,0,5690
1835,1835,2021-09-26,China,51,124495,0,5690
1836,1836,2021-09-27,China,43,124538,0,5690
1837,1837,2021-09-28,China,53,124591,1,5691
1838,1838,2021-09-29,China,38,124629,0,5691
1839,1839,2021-09-30,China,44,124673,0,5691
1840,1840,2021-10-01,China,56,124729,0,5691
1841,1841,2021-10-02,China,43,124772,1,5692
1842,1842,2021-10-03,China,33,124805,0,5692
1843,1843,2021-10-04,China,38,124843,0,5692
1844,1844,2021-10-05,China,41,124884,1,5693
1845,1845,2021-10-06,China,36,124920,0,5693
1846,1846,2021-10-07,China,34,124954,0,5693
1847,1847,2021-10-08,China,33,124987,0,5693
1848,1848,2021-10-09,China,36,125023,1,5694
1849,1849,2021-10-10,China,32,125055,1,5695
1850,1850,2021-10-11,China,30,125085,0,5695
1851,1851,2021-10-12,China,30,125115,0,5695
1852,1852,2021-10-13,China,28,125143,0,5695
1853,1853,2021-10-14,China,19,125162,0,5695
1854,1854,2021-10-15,China,27,125189,0,5695
1855,1855,2021-10-16,China,37,125226,0,5695
1856,1856,2021-10-17,China,28,125254,0,5695
1857,1857,2021-10-18,China,30,125284,0,5695
1858,1858,2021-10-19,China,38,125322,0,5695
1859,1859,2021-10-20,China,29,125351,0,5695
1860,1860,2021-10-21,China,51,125402,0,5695
1861,1861,2021-10-22,China,60,125462,0,5695
1862,1862,2021-10-23,China,56,125518,0,5695
1863,1863,2021-10-24,China,47,125565,0,5695
1864,1864,2021-10-25,China,55,125620,0,5695
1865,1865,2021-10-26,China,66,125686,1,5696
1866,1866,2021-10-27,China,52,125738,0,5696
1867,1867,2021-10-28,China,72,125810,0,5696
1868,1868,2021-10-29,China,88,125898,0,5696
1869,1869,2021-10-30,China,81,125979,0,5696
1870,1870,2021-10-31,China,99,126078,0,5696
1871,1871,2021-11-01,China,77,126155,0,5696
1872,1872,2021-11-02,China,115,126270,0,5696
1873,1873,2021-11-03,China,114,126384,0,5696
1874,1874,2021-11-04,China,87,126471,0,5696
1875,1875,2021-11-05,China,63,126534,0,5696
1876,1876,2021-11-06,China,82,126616,0,5696
1877,1877,2021-11-07,China,94,126710,0,5696
1878,1878,2021-11-08,China,65,126775,0,5696
1879,1879,2021-11-09,China,61,126836,0,5696
1880,1880,2021-11-10,China,72,126908,1,5697
1881,1881,2021-11-11,China,110,127018,0,5697
1882,1882,2021-11-12,China,86,127104,0,5697
1883,1883,2021-11-13,China,95,127199,0,5697
1884,1884,2021-11-14,China,61,127260,0,5697
1885,1885,2021-11-15,China,37,127297,0,5697
1886,1886,2021-11-16,China,34,127331,0,5697
1887,1887,2021-11-17,China,43,127374,0,5697
1888,1888,2021-11-18,China,31,127405,0,5697
1889,1889,2021-11-19,China,34,127439,0,5697
1890,1890,2021-11-20,China,24,127463,0,5697
1891,1891,2021-11-21,China,49,127512,0,5697
1892,1892,2021-11-22,China,25,127537,0,5697
1893,1893,2021-11-23,China,35,127572,0,5697
1894,1894,2021-11-24,China,30,127602,0,5697
1895,1895,2021-11-25,China,29,127631,0,5697
1896,1896,2021-11-26,China,41,127672,0,5697
1897,1897,2021-11-27,China,38,127710,0,5697
1898,1898,2021-11-28,China,54,127764,0,5697
1899,1899,2021-11-29,China,50,127814,0,5697
1900,1900,2021-11-30,China,124,127938,0,5697
1901,1901,2021-12-01,China,84,128022,0,5697
1902,1902,2021-12-02,China,119,128141,0,5697
1903,1903,2021-12-03,China,104,128245,0,5697
1904,1904,2021-12-04,China,74,128319,0,5697
1905,1905,2021-12-05,China,74,128393,0,5697
1906,1906,2021-12-06,China,109,128502,0,5697
1907,1907,2021-12-07,China,100,128602,0,5697
1908,1908,2021-12-08,China,88,128690,0,5697
1909,1909,2021-12-09,China,87,128777,0,5697
1910,1910,2021-12-10,China,107,128884,0,5697
1911,1911,2021-12-11,China,86,128970,0,5697
1912,1912,2021-12-12,China,112,129082,0,5697
1913,1913,2021-12-13,China,83,129165,0,5697
1914,1914,2021-12-14,China,82,129247,0,5697
1915,1915,2021-12-15,China,85,129332,0,5697
1916,1916,2021-12-16,China,98,129430,1,5698
1917,1917,2021-12-17,China,147,129577,0,5698
1918,1918,2021-12-18,China,101,129678,0,5698
1919,1919,2021-12-19,China,116,129794,0,5698
1920,1920,2021-12-20,China,99,129893,1,5699
1921,1921,2021-12-21,China,95,129988,0,5699
1922,1922,2021-12-22,China,121,130109,0,5699
1923,1923,2021-12-23,China,102,130211,0,5699
1924,1924,2021-12-24,China,165,130376,0,5699
1925,1925,2021-12-25,China,249,130625,0,5699
1926,1926,2021-12-26,China,233,130858,0,5699
1927,1927,2021-12-27,China,235,131093,0,5699
1928,1928,2021-12-28,China,222,131315,0,5699
1929,1929,2021-12-29,China,233,131548,0,5699
1930,1930,2021-12-30,China,232,131780,0,5699
1931,1931,2021-12-31,China,291,132071,0,5699
1932,1932,2022-01-01,China,230,132301,0,5699
1933,1933,2022-01-02,China,207,132508,0,5699
1934,1934,2022-01-03,China,229,132737,0,5699
1935,1935,2022-01-04,China,164,132901,0,5699
1936,1936,2022-01-05,China,253,133154,0,5699
1937,1937,2022-01-06,China,250,133404,0,5699
1938,1938,2022-01-07,China,252,133656,0,5699
1939,1939,2022-01-08,China,246,133902,0,5699
1940,1940,2022-01-09,China,249,134151,0,5699
1941,1941,2022-01-10,China,248,134399,0,5699
1942,1942,2022-01-11,China,312,134711,0,5699
1943,1943,2022-01-12,China,308,135019,0,5699
1944,1944,2022-01-13,China,280,135299,1,5700
1945,1945,2022-01-14,China,241,135540,0,5700
1946,1946,2022-01-15,China,202,135742,0,5700
1947,1947,2022-01-16,China,285,136027,0,5700
1948,1948,2022-01-17,China,243,136270,0,5700
1949,1949,2022-01-18,China,171,136441,0,5700
1950,1950,2022-01-19,China,135,136576,0,5700
1951,1951,2022-01-20,China,124,136700,0,5700
1952,1952,2022-01-21,China,154,136854,0,5700
1953,1953,2022-01-22,China,210,137064,0,5700
1954,1954,2022-01-23,China,286,137350,0,5700
1955,1955,2022-01-24,China,232,137582,0,5700
1956,1956,2022-01-25,China,175,137757,0,5700
1957,1957,2022-01-26,China,261,138018,0,5700
1958,1958,2022-01-27,China,295,138313,0,5700
1959,1959,2022-01-28,China,238,138551,0,5700
1960,1960,2022-01-29,China,248,138799,0,5700
1961,1961,2022-01-30,China,193,138992,0,5700
1962,1962,2022-01-31,China,213,139205,0,5700
1963,1963,2022-02-01,China,252,139457,0,5700
1964,1964,2022-02-02,China,207,139664,0,5700
1965,1965,2022-02-03,China,227,139891,0,5700
1966,1966,2022-02-04,China,229,140120,0,5700
1967,1967,2022-02-05,China,466,140586,0,5700
1968,1968,2022-02-06,China,463,141049,0,5700
1969,1969,2022-02-07,China,767,141816,0,5700
1970,1970,2022-02-08,China,783,142599,0,5700
1971,1971,2022-02-09,China,1244,143843,2,5702
1972,1972,2022-02-10,China,1170,145013,1,5703
1973,1973,2022-02-11,China,1503,146516,0,5703
1974,1974,2022-02-12,China,1641,148157,3,5706
1975,1975,2022-02-13,China,1483,149640,0,5706
1976,1976,2022-02-14,China,2205,151845,2,5708
1977,1977,2022-02-15,China,1765,153610,4,5712
1978,1978,2022-02-16,China,4441,158051,3,5715
1979,1979,2022-02-17,China,6271,164322,11,5726
1980,1980,2022-02-18,China,3833,168155,21,5747
1981,1981,2022-02-19,China,6331,174486,17,5764
1982,1982,2022-02-20,China,6281,180767,12,5776
1983,1983,2022-02-21,China,7720,188487,12,5788
1984,1984,2022-02-22,China,6460,194947,36,5824
1985,1985,2022-02-23,China,8916,203863,49,5873
1986,1986,2022-02-24,China,9103,212966,40,5913
1987,1987,2022-02-25,China,38163,251129,73,5986
1988,1988,2022-02-26,China,23704,274833,80,6066
1989,1989,2022-02-27,China,26321,301154,82,6148
1990,1990,2022-02-28,China,34722,335876,85,6233
1991,1991,2022-03-01,China,32865,368741,246,6479
1992,1992,2022-03-02,China,55617,424358,178,6657
1993,1993,2022-03-03,China,57192,481550,198,6855
1994,1994,2022-03-04,China,52868,534418,188,7043
1995,1995,2022-03-05,China,37938,572356,220,7263
1996,1996,2022-03-06,China,31378,603734,233,7496
1997,1997,2022-03-07,China,25504,629238,280,7776
1998,1998,2022-03-08,China,28865,658103,291,8067
1999,1999,2022-03-09,China,26596,684699,291,8358
2000,2000,2022-03-10,China,25027,709726,281,8639
2001,2001,2022-03-11,China,19558,729284,294,8933
2002,2002,2022-03-12,China,17788,747072,285,9218
2003,2003,2022-03-13,China,14835,761907,264,9482
2004,2004,2022-03-14,China,15717,777624,286,9768
2005,2005,2022-03-15,China,13947,791571,289,10057
2006,2006,2022-03-16,China,15861,807432,279,10336
2007,2007,2022-03-17,China,11180,818612,289,10625
2008,2008,2022-03-18,China,10269,828881,265,10890
2009,2009,2022-03-19,China,9391,838272,249,11139
2010,2010,2022-03-20,China,8024,846296,248,11387
2011,2011,2022-03-21,China,6958,853254,223,11610
2012,2012,2022-03-22,China,7052,860306,245,11855
2013,2013,2022-03-23,China,6401,866707,205,12060
2014,2014,2022-03-24,China,7237,873944,201,12261
2015,2015,2022-03-25,China,6049,879993,192,12453
2016,2016,2022-03-26,China,5241,885234,139,12592
2017,2017,2022-03-27,China,5033,890267,151,12743
2018,2018,2022-03-28,China,4647,894914,168,12911
2019,2019,2022-03-29,China,4889,899803,151,13062
2020,2020,2022-03-30,China,4995,904798,135,13197
2021,2021,2022-03-31,China,4925,909723,119,13316
2022,2022,2022-04-01,China,5108,914831,120,13436
2023,2023,2022-04-02,China,4195,919026,116,13552
2024,2024,2022-04-03,China,3517,922543,111,13663
2025,2025,2022-04-04,China,3097,925640,90,13753
2026,2026,2022-04-05,China,3354,928994,87,13840
2027,2027,2022-04-06,China,3171,932165,111,13951
2028,2028,2022-04-07,China,3475,935640,97,14048
2029,2029,2022-04-08,China,3079,938719,86,14134
2030,2030,2022-04-09,China,2826,941545,63,14197
2031,2031,2022-04-10,China,2646,944191,65,14262
2032,2032,2022-04-11,China,2600,946791,57,14319
2033,2033,2022-04-12,China,2868,949659,59,14378
2034,2034,2022-04-13,China,4687,954346,62,14440
2035,2035,2022-04-14,China,5046,959392,54,14494
2036,2036,2022-04-15,China,5650,965042,67,14561
2037,2037,2022-04-16,China,5326,970368,41,14602
2038,2038,2022-04-17,China,4490,974858,32,14634
2039,2039,2022-04-18,China,5108,979966,27,14661
2040,2040,2022-04-19,China,4803,984769,26,14687
2041,2041,2022-04-20,China,5651,990420,18,14705
2042,2042,2022-04-21,China,5508,995928,37,14742
2043,2043,2022-04-22,China,7129,1003057,27,14769
2044,2044,2022-04-23,China,6034,1009091,48,14817
2045,2045,2022-04-24,China,8070,1017161,64,14881
2046,2046,2022-04-25,China,7383,1024544,70,14951
2047,2047,2022-04-26,China,8361,1032905,55,15006
2048,2048,2022-04-27,China,10639,1043544,57,15063
2049,2049,2022-04-28,China,17382,1060926,59,15122
2050,2050,2022-04-29,China,13927,1074853,60,15182
2051,2051,2022-04-30,China,16227,1091080,51,15233
2052,2052,2022-05-01,China,18064,1109144,40,15273
2053,2053,2022-05-02,China,18357,1127501,28,15301
2054,2054,2022-05-03,China,23622,1151123,28,15329
2055,2055,2022-05-04,China,28850,1179973,21,15350
2056,2056,2022-05-05,China,30628,1210601,22,15372
2057,2057,2022-05-06,China,36540,1247141,34,15406
2058,2058,2022-05-07,China,44907,1292048,19,15425
2059,2059,2022-05-08,China,44817,1336865,25,15450
2060,2060,2022-05-09,China,40772,1377637,19,15469
2061,2061,2022-05-10,China,51206,1428843,24,15493
2062,2062,2022-05-11,China,57553,1486396,16,15509
2063,2063,2022-05-12,China,65881,1552277,20,15529
2064,2064,2022-05-13,China,65326,1617603,45,15574
2065,2065,2022-05-14,China,64346,1681949,44,15618
2066,2066,2022-05-15,China,68993,1750942,24,15642
2067,2067,2022-05-16,China,62011,1812953,30,15672
2068,2068,2022-05-17,China,65965,1878918,41,15713
2069,2069,2022-05-18,China,84737,1963655,46,15759
2070,2070,2022-05-19,China,90656,2054311,60,15819
2071,2071,2022-05-20,China,86063,2140374,54,15873
2072,2072,2022-05-21,China,84865,2225239,62,15935
2073,2073,2022-05-22,China,79754,2304993,54,15989
2074,2074,2022-05-23,China,66477,2371470,41,16030
2075,2075,2022-05-24,China,82613,2454083,42,16072
2076,2076,2022-05-25,China,89607,2543690,79,16151
2077,2077,2022-05-26,China,82120,2625810,107,16258
2078,2078,2022-05-27,China,94753,2720563,127,16385
2079,2079,2022-05-28,China,81043,2801606,128,16513
2080,2080,2022-05-29,China,76727,2878333,145,16658
2081,2081,2022-05-30,China,60201,2938534,111,16769
2082,2082,2022-05-31,China,80809,3019343,90,16859
2083,2083,2022-06-01,China,88425,3107768,123,16982
2084,2084,2022-06-02,China,77134,3184902,145,17127
2085,2085,2022-06-03,China,76786,3261688,144,17271
2086,2086,2022-06-04,China,68350,3330038,152,17423
2087,2087,2022-06-05,China,62264,3392302,128,17551
2088,2088,2022-06-06,China,53254,3445556,151,17702
2089,2089,2022-06-07,China,83172,3528728,127,17829
2090,2090,2022-06-08,China,80429,3609157,159,17988
2091,2091,2022-06-09,China,73344,3682501,212,18200
2092,2092,2022-06-10,China,68663,3751164,213,18413
2093,2093,2022-06-11,China,80020,3831184,211,18624
2094,2094,2022-06-12,China,51100,3882284,163,18787
2095,2095,2022-06-13,China,45459,3927743,109,18896
2096,2096,2022-06-14,China,66651,3994394,124,19020
2097,2097,2022-06-15,China,69470,4063864,144,19164
2098,2098,2022-06-16,China,63761,4127625,168,19332
2099,2099,2022-06-17,China,55742,4183367,154,19486
2100,2100,2022-06-18,China,54218,4237585,182,19668
2101,2101,2022-06-19,China,51168,4288753,174,19842
2102,2102,2022-06-20,China,36182,4324935,145,19987
2103,2103,2022-06-21,China,56939,4381874,115,20102
2104,2104,2022-06-22,China,52951,4434825,172,20274
2105,2105,2022-06-23,China,49053,4483878,167,20441
2106,2106,2022-06-24,China,46513,4530391,152,20593
2107,2107,2022-06-25,China,41120,4571511,151,20744
2108,2108,2022-06-26,China,40425,4611936,134,20878
2109,2109,2022-06-27,China,29337,4641273,91,20969
2110,2110,2022-06-28,China,45012,4686285,104,21073
2111,2111,2022-06-29,China,43135,4729420,85,21158
2112,2112,2022-06-30,China,39947,4769367,120,21278
2113,2113,2022-07-01,China,36825,4806192,122,21400
2114,2114,2022-07-02,China,35765,4841957,99,21499
2115,2115,2022-07-03,China,33327,4875284,90,21589
2116,2116,2022-07-04,China,23676,4898960,69,21658
2117,2117,2022-07-05,China,37114,4936074,103,21761
2118,2118,2022-07-06,China,35862,4971936,96,21857
2119,2119,2022-07-07,China,32694,5004630,106,21963
2120,2120,2022-07-08,China,31728,5036358,134,22097
2121,2121,2022-07-09,China,29514,5065872,94,22191
2122,2122,2022-07-10,China,29355,5095227,73,22264
2123,2123,2022-07-11,China,20500,5115727,103,22367
2124,2124,2022-07-12,China,32669,5148396,62,22429
2125,2125,2022-07-13,China,31582,5179978,52,22481
2126,2126,2022-07-14,China,29359,5209337,94,22575
2127,2127,2022-07-15,China,27035,5236372,119,22694
2128,2128,2022-07-16,China,27055,5263427,73,22767
2129,2129,2022-07-17,China,25967,5289394,77,22844
2130,2130,2022-07-18,China,19637,5309031,51,22895
2131,2131,2022-07-19,China,28719,5337750,41,22936
2132,2132,2022-07-20,China,29052,5366802,58,22994
2133,2133,2022-07-21,China,27138,5393940,78,23072
2134,2134,2022-07-22,China,25909,5419849,92,23164
2135,2135,2022-07-23,China,24268,5444117,60,23224
2136,2136,2022-07-24,China,23618,5467735,73,23297
2137,2137,2022-07-25,China,18896,5486631,56,23353
2138,2138,2022-07-26,China,27038,5513669,43,23396
2139,2139,2022-07-27,China,27755,5541424,38,23434
2140,2140,2022-07-28,China,26089,5567513,67,23501
2141,2141,2022-07-29,China,25285,5592798,62,23563
2142,2142,2022-07-30,China,23322,5616120,64,23627
2143,2143,2022-07-31,China,22895,5639015,35,23662
2144,2144,2022-08-01,China,18367,5657382,42,23704
2145,2145,2022-08-02,China,25279,5682661,42,23746
2146,2146,2022-08-03,China,25929,5708590,36,23782
2147,2147,2022-08-04,China,25115,5733705,59,23841
2148,2148,2022-08-05,China,23802,5757507,58,23899
2149,2149,2022-08-06,China,21953,5779460,0,23899
2150,2150,2022-08-07,China,24043,5803503,102,24001
2151,2151,2022-08-08,China,17411,5820914,33,24034
2152,2152,2022-08-09,China,25747,5846661,21,24055
2153,2153,2022-08-10,China,26401,5873062,29,24084
2154,2154,2022-08-11,China,25082,5898144,45,24129
2155,2155,2022-08-12,China,24111,5922255,35,24164
2156,2156,2022-08-13,China,23901,5946156,43,24207
2157,2157,2022-08-14,China,23581,5969737,25,24232
2158,2158,2022-08-15,China,18103,5987840,26,24258
2159,2159,2022-08-16,China,25733,6013573,27,24285
2160,2160,2022-08-17,China,27870,6041443,37,24322
2161,2161,2022-08-18,China,26424,6067867,39,24361
2162,2162,2022-08-19,China,25756,6093623,40,24401
2163,2163,2022-08-20,China,24957,6118580,41,24442
2164,2164,2022-08-21,China,25251,6143831,29,24471
2165,2165,2022-08-22,China,19693,6163524,28,24499
2166,2166,2022-08-23,China,29168,6192692,26,24525
2167,2167,2022-08-24,China,32027,6224719,32,24557
2168,2168,2022-08-25,China,30805,6255524,46,24603
2169,2169,2022-08-26,China,29364,6284888,52,24655
2170,2170,2022-08-27,China,28156,6313044,44,24699
2171,2171,2022-08-28,China,30209,6343253,41,24740
2172,2172,2022-08-29,China,23517,6366770,26,24766
2173,2173,2022-08-30,China,34704,6401474,40,24806
2174,2174,2022-08-31,China,38197,6439671,30,24836
2175,2175,2022-09-01,China,37797,6477468,47,24883
2176,2176,2022-09-02,China,37264,6514732,44,24927
2177,2177,2022-09-03,China,36356,6551088,49,24976
2178,2178,2022-09-04,China,37783,6588871,43,25019
2179,2179,2022-09-05,China,27188,6616059,39,25058
2180,2180,2022-09-06,China,39627,6655686,30,25088
2181,2181,2022-09-07,China,44567,6700253,42,25130
2182,2182,2022-09-08,China,38417,6738670,41,25171
2183,2183,2022-09-09,China,37255,6775925,66,25237
2184,2184,2022-09-10,China,38451,6814376,38,25275
2185,2185,2022-09-11,China,34676,6849052,40,25315
2186,2186,2022-09-12,China,27790,6876842,39,25354
2187,2187,2022-09-13,China,49311,6926153,27,25381
2188,2188,2022-09-14,China,52089,6978242,47,25428
2189,2189,2022-09-15,China,48102,7026344,63,25491
2190,2190,2022-09-16,China,44057,7070401,62,25553
2191,2191,2022-09-17,China,41668,7112069,82,25635
2192,2192,2022-09-18,China,41563,7153632,36,25671
2193,2193,2022-09-19,China,30166,7183798,41,25712
2194,2194,2022-09-20,China,46312,7230110,32,25744
2195,2195,2022-09-21,China,48725,7278835,48,25792
2196,2196,2022-09-22,China,44260,7323095,76,25868
2197,2197,2022-09-23,China,41620,7364715,206,26074
2198,2198,2022-09-24,China,39830,7404545,58,26132
2199,2199,2022-09-25,China,40424,7444969,44,26176
2200,2200,2022-09-26,China,30124,7475093,68,26244
2201,2201,2022-09-27,China,47084,7522177,34,26278
2202,2202,2022-09-28,China,50009,7572186,52,26330
2203,2203,2022-09-29,China,46290,7618476,58,26388
2204,2204,2022-09-30,China,44858,7663334,58,26446
2205,2205,2022-10-01,China,44303,7707637,54,26500
2206,2206,2022-10-02,China,44594,7752231,68,26568
2207,2207,2022-10-03,China,34860,7787091,41,26609
2208,2208,2022-10-04,China,50924,7838015,39,26648
2209,2209,2022-10-05,China,56487,7894502,58,26706
2210,2210,2022-10-06,China,48152,7942654,63,26769
2211,2211,2022-10-07,China,52624,7995278,54,26823
2212,2212,2022-10-08,China,46189,8041467,89,26912
2213,2213,2022-10-09,China,46450,8087917,65,26977
2214,2214,2022-10-10,China,34107,8122024,67,27044
2215,2215,2022-10-11,China,43157,8165181,45,27089
2216,2216,2022-10-12,China,54449,8219630,46,27135
2217,2217,2022-10-13,China,55362,8274992,37,27172
2218,2218,2022-10-14,China,50142,8325134,87,27259
2219,2219,2022-10-15,China,45243,8370377,84,27343
2220,2220,2022-10-16,China,43568,8413945,70,27413
2221,2221,2022-10-17,China,30778,8444723,58,27471
2222,2222,2022-10-18,China,46590,8491313,40,27511
2223,2223,2022-10-19,China,46430,8537743,54,27565
2224,2224,2022-10-20,China,41248,8578991,101,27666
2225,2225,2022-10-21,China,38969,8617960,87,27753
2226,2226,2022-10-22,China,37765,8655725,59,27812
2227,2227,2022-10-23,China,37248,8692973,69,27881
2228,2228,2022-10-24,China,28281,8721254,69,27950
2229,2229,2022-10-25,China,41072,8762326,52,28002
2230,2230,2022-10-26,China,42374,8804700,59,28061
2231,2231,2022-10-27,China,37795,8842495,92,28153
2232,2232,2022-10-28,China,36790,8879285,64,28217
2233,2233,2022-10-29,China,34434,8913719,84,28301
2234,2234,2022-10-30,China,33756,8947475,88,28389
2235,2235,2022-10-31,China,24720,8972195,71,28460
2236,2236,2022-11-01,China,36175,9008370,58,28518
2237,2237,2022-11-02,China,32158,9040528,61,28579
2238,2238,2022-11-03,China,35371,9075899,91,28670
2239,2239,2022-11-04,China,29153,9105052,85,28755
2240,2240,2022-11-05,China,27769,9132821,85,28840
2241,2241,2022-11-06,China,26285,9159106,60,28900
2242,2242,2022-11-07,China,19022,9178128,39,28939
2243,2243,2022-11-08,China,27606,9205734,19,28958
2244,2244,2022-11-09,China,27796,9233530,79,29037
2245,2245,2022-11-10,China,25157,9258687,75,29112
2246,2246,2022-11-11,China,23346,9282033,72,29184
2247,2247,2022-11-12,China,22533,9304566,66,29250
2248,2248,2022-11-13,China,22192,9326758,70,29320
2249,2249,2022-11-14,China,20002,9346760,50,29370
2250,2250,2022-11-15,China,21861,9368621,56,29426
2251,2251,2022-11-16,China,27172,9395793,77,29503
2252,2252,2022-11-17,China,24683,9420476,89,29592
2253,2253,2022-11-18,China,22194,9442670,65,29657
2254,2254,2022-11-19,China,20709,9463379,69,29726
2255,2255,2022-11-20,China,20582,9483961,58,29784
2256,2256,2022-11-21,China,16085,9500046,54,29838
2257,2257,2022-11-22,China,22959,9523005,51,29889
2258,2258,2022-11-23,China,24259,9547264,12,29901
2259,2259,2022-11-24,China,21534,9568798,109,30010
2260,2260,2022-11-25,China,19808,9588606,72,30082
2261,2261,2022-11-26,China,18978,9607584,39,30121
2262,2262,2022-11-27,China,19122,9626706,45,30166
2263,2263,2022-11-28,China,16306,9643012,26,30192
2264,2264,2022-11-29,China,23662,9666674,13,30205
2265,2265,2022-11-30,China,24429,9691103,115,30320
2266,2266,2022-12-01,China,22407,9713510,68,30388
2267,2267,2022-12-02,China,20548,9734058,40,30428
2268,2268,2022-12-03,China,19667,9753725,52,30480
2269,2269,2022-12-04,China,19900,9773625,45,30525
2270,2270,2022-12-05,China,17829,9791454,42,30567
2271,2271,2022-12-06,China,23433,9814887,38,30605
2272,2272,2022-12-07,China,24659,9839546,48,30653
2273,2273,2022-12-08,China,22583,9862129,64,30717
2274,2274,2022-12-09,China,463471,10325600,167,30884
2275,2275,2022-12-10,China,546023,10871623,169,31053
2276,2276,2022-12-11,China,747894,11619517,191,31244
2277,2277,2022-12-12,China,896102,12515619,194,31438
2278,2278,2022-12-13,China,1030187,13545806,189,31627
2279,2279,2022-12-14,China,1219935,14765741,210,31837
2280,2280,2022-12-15,China,1789770,16555511,213,32050
2281,2281,2022-12-16,China,2300469,18855980,227,32277
2282,2282,2022-12-17,China,3114193,21970173,259,32536
2283,2283,2022-12-18,China,4068849,26039022,295,32831
2284,2284,2022-12-19,China,5102957,31141979,315,33146
2285,2285,2022-12-20,China,5905312,37047291,360,33506
2286,2286,2022-12-21,China,6434648,43481939,454,33960
2287,2287,2022-12-22,China,6966046,50447985,628,34588
2288,2288,2022-12-23,China,6327801,56775786,836,35424
2289,2289,2022-12-24,China,5669864,62445650,894,36318
2290,2290,2022-12-25,China,4768272,67213922,1308,37626
2291,2291,2022-12-26,China,4462481,71676403,1369,38995
2292,2292,2022-12-27,China,4356772,76033175,1394,40389
2293,2293,2022-12-28,China,3533372,79566547,1416,41805
2294,2294,2022-12-29,China,2929223,82495770,1845,43650
2295,2295,2022-12-30,China,2429272,84925042,2238,45888
2296,2296,2022-12-31,China,2165484,87090526,2850,48738
2297,2297,2023-01-01,China,1606621,88697147,3806,52544
2298,2298,2023-01-02,China,1282467,89979614,4344,56888
2299,2299,2023-01-03,China,1364408,91344022,4189,61077
2300,2300,2023-01-04,China,1250579,92594601,4432,65509
2301,2301,2023-01-05,China,991889,93586490,4370,69879
2302,2302,2023-01-06,China,863250,94449740,3566,73445
2303,2303,2023-01-07,China,702548,95152288,3229,76674
2304,2304,2023-01-08,China,527649,95679937,3618,80292
2305,2305,2023-01-09,China,407701,96087638,3810,84102
2306,2306,2023-01-10,China,406509,96494147,3482,87584
2307,2307,2023-01-11,China,309798,96803945,3316,90900
2308,2308,2023-01-12,China,277004,97080949,2596,93496
2309,2309,2023-01-13,China,232501,97313450,2381,95877
2310,2310,2023-01-14,China,200409,97513859,2011,97888
2311,2311,2023-01-15,China,141511,97655370,2430,100318
2312,2312,2023-01-16,China,115572,97770942,1819,102137
2313,2313,2023-01-17,China,134604,97905546,1728,103865
2314,2314,2023-01-18,China,107663,98013209,1523,105388
2315,2315,2023-01-19,China,93248,98106457,1443,106831
2316,2316,2023-01-20,China,85179,98191636,1332,108163
2317,2317,2023-01-21,China,77406,98269042,1152,109315
2318,2318,2023-01-22,China,44667,98313709,962,110277
2319,2319,2023-01-23,China,26307,98340016,970,111247
2320,2320,2023-01-24,China,15316,98355332,60,111307
2321,2321,2023-01-25,China,19628,98374960,49,111356
2322,2322,2023-01-26,China,16892,98391852,2303,113659
2323,2323,2023-01-27,China,24803,98416655,37,113696
2324,2324,2023-01-28,China,27929,98444584,53,113749
2325,2325,2023-01-29,China,27805,98472389,42,113791
2326,2326,2023-01-30,China,22650,98495039,35,113826
2327,2327,2023-01-31,China,32621,98527660,47,113873
2328,2328,2023-02-01,China,32221,98559881,53,113926
2329,2329,2023-02-02,China,27534,98587415,3364,117290
2330,2330,2023-02-03,China,25940,98613355,109,117399
2331,2331,2023-02-04,China,24198,98637553,87,117486
2332,2332,2023-02-05,China,23390,98660943,80,117566
2333,2333,2023-02-06,China,16918,98677861,68,117634
2334,2334,2023-02-07,China,23673,98701534,53,117687
2335,2335,2023-02-08,China,24556,98726090,56,117743
2336,2336,2023-02-09,China,21192,98747282,963,118706
2337,2337,2023-02-10,China,19629,98766911,70,118776
2338,2338,2023-02-11,China,25375,98792286,91,118867
2339,2339,2023-02-12,China,6340,98798626,59,118926
2340,2340,2023-02-13,China,17357,98815983,58,118984
2341,2341,2023-02-14,China,20698,98836681,39,119023
2342,2342,2023-02-15,China,20073,98856754,69,119092
2343,2343,2023-02-16,China,16943,98873697,161,119253
2344,2344,2023-02-17,China,0,98873697,0,119253
2345,2345,2023-02-18,China,30778,98904475,7,119260
2346,2346,2023-02-19,China,16018,98920493,203,119463
2347,2347,2023-02-20,China,12181,98932674,47,119510
2348,2348,2023-02-21,China,17383,98950057,46,119556
2349,2349,2023-02-22,China,16609,98966666,64,119620
2350,2350,2023-02-23,China,14527,98981193,44,119664
2351,2351,2023-02-24,China,0,98981193,0,119664
2352,2352,2023-02-25,China,952,98982145,0,119664
2353,2353,2023-02-26,China,40146,99022291,157,119821
2354,2354,2023-02-27,China,7837,99030128,44,119865
2355,2355,2023-02-28,China,10216,99040344,46,119911
2356,2356,2023-03-01,China,12316,99052660,30,119941
2357,2357,2023-03-02,China,14178,99066838,35,119976
2358,2358,2023-03-03,China,0,99066838,0,119976
2359,2359,2023-03-04,China,97,99066935,144,120120
2360,2360,2023-03-05,China,35543,99102478,61,120181
2361,2361,2023-03-06,China,7127,99109605,46,120227
2362,2362,2023-03-07,China,11079,99120684,34,120261
2363,2363,2023-03-08,China,11092,99131776,40,120301
2364,2364,2023-03-09,China,9634,99141410,50,120351
2365,2365,2023-03-10,China,0,99141410,0,120351
2366,2366,2023-03-11,China,17793,99159203,102,120453
2367,2367,2023-03-12,China,9123,99168326,57,120510
2368,2368,2023-03-13,China,6597,99174923,38,120548
2369,2369,2023-03-14,China,10134,99185057,28,120576
2370,2370,2023-03-15,China,10233,99195290,43,120619
2371,2371,2023-03-16,China,9094,99204384,37,120656
2372,2372,2023-03-17,China,0,99204384,0,120656
2373,2373,2023-03-18,China,20120,99224504,76,120732
2374,2374,2023-03-19,China,4867,99229371,43,120775
2375,2375,2023-03-20,China,5579,99234950,0,120775
2376,2376,2023-03-21,China,2690,99237640,49,120824
2377,2377,2023-03-22,China,296,99237936,29,120853
2378,2378,2023-03-23,China,109,99238045,40,120893
2379,2379,2023-03-24,China,0,99238045,0,120893
2380,2380,2023-03-25,China,61,99238106,1,120894
2381,2381,2023-03-26,China,37,99238143,0,120894
2382,2382,2023-03-27,China,39,99238182,1,120895
2383,2383,2023-03-28,China,51,99238233,0,120895
2384,2384,2023-03-29,China,67,99238300,0,120895
2385,2385,2023-03-30,China,61,99238361,1,120896
2386,2386,2023-03-31,China,0,99238361,0,120896
2387,2387,2023-04-01,China,0,99238361,0,120896
2388,2388,2023-04-02,China,188,99238549,0,120896
2389,2389,2023-04-03,China,37,99238586,1,120897
2390,2390,2023-04-04,China,79,99238665,0,120897
2391,2391,2023-04-05,China,105,99238770,0,120897
2392,2392,2023-04-06,China,0,99238770,0,120897
2393,2393,2023-04-07,China,0,99238770,0,120897
2394,2394,2023-04-08,China,0,99238770,0,120897
2395,2395,2023-04-09,China,370,99239140,6,120903
2396,2396,2023-04-10,China,112,99239252,2,120905
2397,2397,2023-04-11,China,95,99239347,1,120906
2398,2398,2023-04-12,China,125,99239472,0,120906
2399,2399,2023-04-13,China,178,99239650,2,120908
2400,2400,2023-04-14,China,196,99239846,1,120909
2401,2401,2023-04-15,China,0,99239846,0,120909
2402,2402,2023-04-16,China,410,99240256,1,120910
2403,2403,2023-04-17,China,232,99240488,2,120912
2404,2404,2023-04-18,China,0,99240488,0,120912
2405,2405,2023-04-19,China,0,99240488,0,120912
